2.140672782874617625e-02
1.223241590214067288e-02
2.446483180428134577e-02
1.223241590214067288e-02
1.223241590214067288e-02
2.446483180428134577e-02
1.529051987767584067e-02
1.834862385321101019e-02
1.529051987767584067e-02
1.223241590214067288e-02
4.587155963302752548e-02
2.752293577981651529e-02
1.223241590214067288e-02
1.223241590214067288e-02
1.223241590214067288e-02
1.834862385321101019e-02
1.529051987767584067e-02
1.529051987767584067e-02
2.140672782874617625e-02
3.363914373088684739e-02
2.140672782874617625e-02
3.058103975535168134e-02
1.529051987767584067e-02
2.446483180428134577e-02
3.058103975535168134e-02
1.223241590214067288e-02
2.446483180428134577e-02
2.140672782874617625e-02
2.140672782874617625e-02
1.529051987767584067e-02
1.834862385321101019e-02
3.058103975535168134e-02
1.529051987767584067e-02
1.529051987767584067e-02
1.223241590214067288e-02
2.752293577981651529e-02
3.363914373088684739e-02
1.834862385321101019e-02
1.529051987767584067e-02
1.529051987767584067e-02
2.140672782874617625e-02
2.446483180428134577e-02
2.446483180428134577e-02
2.140672782874617625e-02
1.529051987767584067e-02
1.529051987767584067e-02
1.223241590214067288e-02
1.223241590214067288e-02
3.058103975535168134e-02
2.140672782874617625e-02
