1.955990220048899747e-02
1.772616136919315244e-02
2.995110024449877673e-02
1.772616136919315244e-02
1.772616136919315244e-02
2.017114914425427799e-02
1.833740831295843643e-02
2.017114914425427799e-02
1.833740831295843643e-02
1.772616136919315244e-02
2.506112469437652909e-02
2.078239608801955851e-02
1.772616136919315244e-02
1.772616136919315244e-02
1.772616136919315244e-02
1.894865525672371695e-02
1.833740831295843643e-02
1.833740831295843643e-02
2.017114914425427799e-02
2.444987775061124857e-02
2.078239608801955851e-02
2.139364303178484250e-02
1.894865525672371695e-02
2.017114914425427799e-02
2.322738386308068406e-02
1.772616136919315244e-02
2.078239608801955851e-02
2.139364303178484250e-02
1.955990220048899747e-02
1.894865525672371695e-02
1.894865525672371695e-02
2.139364303178484250e-02
1.833740831295843643e-02
1.833740831295843643e-02
1.772616136919315244e-02
2.078239608801955851e-02
2.200488997555012302e-02
1.894865525672371695e-02
1.894865525672371695e-02
1.833740831295843643e-02
1.955990220048899747e-02
2.322738386308068406e-02
2.017114914425427799e-02
2.811735941320293516e-02
1.894865525672371695e-02
1.894865525672371695e-02
1.772616136919315244e-02
1.772616136919315244e-02
2.139364303178484250e-02
2.078239608801955851e-02
