4.950495049504950729e-02
1.980198019801980222e-02
1.815181518151815290e-02
1.320132013201320148e-02
1.320132013201320148e-02
2.475247524752475364e-02
1.320132013201320148e-02
1.320132013201320148e-02
3.795379537953795512e-02
1.650165016501650012e-02
1.815181518151815290e-02
1.320132013201320148e-02
1.815181518151815290e-02
1.320132013201320148e-02
2.310231023102310086e-02
1.320132013201320148e-02
1.320132013201320148e-02
1.980198019801980222e-02
2.475247524752475364e-02
2.640264026402640296e-02
1.320132013201320148e-02
1.320132013201320148e-02
2.310231023102310086e-02
2.640264026402640296e-02
1.485148514851485080e-02
1.485148514851485080e-02
3.300330033003300023e-02
1.980198019801980222e-02
1.815181518151815290e-02
2.145214521452145154e-02
1.650165016501650012e-02
1.320132013201320148e-02
1.815181518151815290e-02
1.650165016501650012e-02
3.135313531353135091e-02
1.650165016501650012e-02
1.320132013201320148e-02
1.980198019801980222e-02
2.310231023102310086e-02
1.320132013201320148e-02
2.145214521452145154e-02
1.320132013201320148e-02
2.145214521452145154e-02
2.310231023102310086e-02
1.485148514851485080e-02
1.320132013201320148e-02
2.310231023102310086e-02
4.785478547854785797e-02
2.475247524752475364e-02
1.485148514851485080e-02
