4.601226993865030479e-02
2.300613496932515240e-02
1.687116564417177889e-02
1.226993865030674875e-02
1.226993865030674875e-02
2.300613496932515240e-02
1.226993865030674875e-02
1.226993865030674875e-02
4.141104294478527292e-02
1.533742331288343551e-02
1.687116564417177889e-02
1.226993865030674875e-02
1.840490797546012400e-02
1.226993865030674875e-02
2.607361963190183915e-02
1.226993865030674875e-02
1.226993865030674875e-02
1.840490797546012400e-02
2.607361963190183915e-02
3.987730061349693128e-02
1.226993865030674875e-02
1.226993865030674875e-02
2.147239263803681075e-02
2.453987730061349751e-02
1.380368098159509213e-02
1.380368098159509213e-02
3.067484662576687102e-02
1.840490797546012400e-02
1.687116564417177889e-02
1.993865030674846564e-02
1.533742331288343551e-02
1.226993865030674875e-02
1.687116564417177889e-02
1.840490797546012400e-02
3.680981595092024800e-02
1.533742331288343551e-02
1.226993865030674875e-02
1.840490797546012400e-02
2.300613496932515240e-02
1.226993865030674875e-02
1.993865030674846564e-02
1.226993865030674875e-02
2.453987730061349751e-02
2.147239263803681075e-02
1.380368098159509213e-02
1.226993865030674875e-02
3.220858895705521613e-02
5.061349693251533666e-02
2.453987730061349751e-02
1.380368098159509213e-02
