2.033492822966507033e-02
1.315789473684210453e-02
2.751196172248803959e-02
1.674641148325358916e-02
1.794258373205741622e-02
2.153110047846890085e-02
1.196172248803827748e-02
1.913875598086124327e-02
1.794258373205741622e-02
2.272727272727272790e-02
5.263157894736841813e-02
1.555023923444976038e-02
1.315789473684210453e-02
1.196172248803827748e-02
1.913875598086124327e-02
1.555023923444976038e-02
2.511961722488038201e-02
2.631578947368420907e-02
3.110047846889952075e-02
1.435406698564593332e-02
1.315789473684210453e-02
1.555023923444976038e-02
1.315789473684210453e-02
2.153110047846890085e-02
4.306220095693780170e-02
1.435406698564593332e-02
1.794258373205741622e-02
1.674641148325358916e-02
7.057416267942583088e-02
1.794258373205741622e-02
1.555023923444976038e-02
1.913875598086124327e-02
1.196172248803827748e-02
1.555023923444976038e-02
1.435406698564593332e-02
1.555023923444976038e-02
1.674641148325358916e-02
2.153110047846890085e-02
1.794258373205741622e-02
1.196172248803827748e-02
2.033492822966507033e-02
1.315789473684210453e-02
1.196172248803827748e-02
1.435406698564593332e-02
1.555023923444976038e-02
1.435406698564593332e-02
2.631578947368420907e-02
1.196172248803827748e-02
4.066985645933014065e-02
1.315789473684210453e-02
