2.352941176470588203e-02
1.470588235294117627e-02
1.911764705882353088e-02
1.911764705882353088e-02
2.058823529411764677e-02
2.352941176470588203e-02
1.323529411764705864e-02
2.205882352941176613e-02
2.058823529411764677e-02
2.500000000000000139e-02
4.558823529411764469e-02
1.764705882352941152e-02
1.470588235294117627e-02
1.323529411764705864e-02
2.205882352941176613e-02
1.764705882352941152e-02
2.941176470588235253e-02
2.058823529411764677e-02
2.352941176470588203e-02
1.617647058823529563e-02
1.470588235294117627e-02
1.764705882352941152e-02
1.470588235294117627e-02
2.205882352941176613e-02
3.970588235294117418e-02
1.617647058823529563e-02
2.058823529411764677e-02
1.911764705882353088e-02
3.235294117647059126e-02
2.058823529411764677e-02
1.764705882352941152e-02
2.205882352941176613e-02
1.323529411764705864e-02
1.764705882352941152e-02
1.617647058823529563e-02
1.764705882352941152e-02
1.911764705882353088e-02
2.205882352941176613e-02
2.058823529411764677e-02
1.323529411764705864e-02
2.352941176470588203e-02
1.470588235294117627e-02
1.323529411764705864e-02
1.617647058823529563e-02
1.764705882352941152e-02
1.617647058823529563e-02
2.205882352941176613e-02
1.323529411764705864e-02
2.941176470588235253e-02
1.470588235294117627e-02
