3.367003367003366943e-02
1.346801346801346742e-02
1.346801346801346742e-02
1.010101010101010187e-02
1.346801346801346742e-02
1.010101010101010187e-02
1.346801346801346742e-02
1.346801346801346742e-02
3.030303030303030387e-02
2.693602693602693485e-02
1.010101010101010187e-02
1.010101010101010187e-02
1.683501683501683471e-02
2.356902356902356929e-02
2.356902356902356929e-02
1.346801346801346742e-02
2.020202020202020374e-02
2.020202020202020374e-02
4.040404040404040747e-02
5.723905723905724219e-02
1.010101010101010187e-02
3.703703703703703498e-02
2.356902356902356929e-02
1.010101010101010187e-02
1.683501683501683471e-02
1.010101010101010187e-02
3.030303030303030387e-02
1.010101010101010187e-02
1.346801346801346742e-02
1.346801346801346742e-02
2.020202020202020374e-02
2.356902356902356929e-02
1.010101010101010187e-02
2.356902356902356929e-02
2.693602693602693485e-02
5.387205387205386969e-02
3.367003367003366943e-02
2.020202020202020374e-02
2.020202020202020374e-02
1.010101010101010187e-02
1.683501683501683471e-02
1.010101010101010187e-02
1.010101010101010187e-02
2.020202020202020374e-02
1.010101010101010187e-02
1.010101010101010187e-02
2.693602693602693485e-02
3.703703703703703498e-02
1.683501683501683471e-02
1.010101010101010187e-02
