3.133903133903134103e-02
1.139601139601139658e-02
1.424501424501424529e-02
8.547008547008547868e-03
1.139601139601139658e-02
8.547008547008547868e-03
1.139601139601139658e-02
1.424501424501424529e-02
2.849002849002849058e-02
2.279202279202279316e-02
8.547008547008547868e-03
8.547008547008547868e-03
3.988603988603988543e-02
2.564102564102564014e-02
2.564102564102564014e-02
1.424501424501424529e-02
1.709401709401709574e-02
1.709401709401709574e-02
5.698005698005698116e-02
9.401709401709401615e-02
8.547008547008547868e-03
3.133903133903134103e-02
3.133903133903134103e-02
8.547008547008547868e-03
1.424501424501424529e-02
8.547008547008547868e-03
2.564102564102564014e-02
8.547008547008547868e-03
1.139601139601139658e-02
1.139601139601139658e-02
1.709401709401709574e-02
1.994301994301994271e-02
8.547008547008547868e-03
2.279202279202279316e-02
2.564102564102564014e-02
4.843304843304842983e-02
2.849002849002849058e-02
1.709401709401709574e-02
1.709401709401709574e-02
8.547008547008547868e-03
1.424501424501424529e-02
8.547008547008547868e-03
8.547008547008547868e-03
1.709401709401709574e-02
8.547008547008547868e-03
8.547008547008547868e-03
3.133903133903134103e-02
3.703703703703703498e-02
1.424501424501424529e-02
8.547008547008547868e-03
