1.279069767441860447e-02
1.046511627906976730e-02
1.976744186046511600e-02
2.093023255813953459e-02
1.279069767441860447e-02
2.093023255813953459e-02
1.744186046511627883e-02
1.279069767441860447e-02
1.976744186046511600e-02
2.325581395348837177e-02
1.744186046511627883e-02
1.162790697674418589e-02
1.976744186046511600e-02
1.744186046511627883e-02
1.860465116279069742e-02
3.604651162790697971e-02
2.209302325581395318e-02
1.395348837209302306e-02
1.511627906976744165e-02
1.744186046511627883e-02
1.279069767441860447e-02
3.488372093023255766e-02
2.441860465116279036e-02
1.976744186046511600e-02
2.790697674418604612e-02
1.046511627906976730e-02
1.860465116279069742e-02
1.162790697674418589e-02
2.325581395348837177e-02
2.325581395348837177e-02
2.558139534883720895e-02
2.674418604651162754e-02
2.441860465116279036e-02
2.674418604651162754e-02
3.604651162790697971e-02
1.976744186046511600e-02
3.488372093023255766e-02
2.325581395348837177e-02
1.744186046511627883e-02
1.162790697674418589e-02
2.558139534883720895e-02
2.209302325581395318e-02
1.162790697674418589e-02
3.837209302325581689e-02
2.209302325581395318e-02
1.162790697674418589e-02
1.511627906976744165e-02
1.162790697674418589e-02
1.395348837209302306e-02
1.395348837209302306e-02
