1.415094339622641542e-02
1.297169811320754776e-02
2.948113207547169851e-02
1.827830188679245224e-02
1.415094339622641542e-02
2.063679245283018757e-02
1.886792452830188607e-02
1.415094339622641542e-02
2.122641509433962140e-02
2.240566037735848906e-02
1.650943396226415075e-02
1.356132075471698159e-02
2.122641509433962140e-02
1.945754716981131990e-02
1.709905660377358458e-02
3.301886792452830149e-02
1.886792452830188607e-02
1.474056603773584925e-02
1.533018867924528308e-02
2.004716981132075374e-02
1.415094339622641542e-02
3.007075471698113234e-02
2.299528301886792289e-02
1.827830188679245224e-02
2.358490566037736019e-02
1.297169811320754776e-02
1.945754716981131990e-02
1.356132075471698159e-02
2.063679245283018757e-02
2.063679245283018757e-02
2.299528301886792289e-02
2.240566037735848906e-02
2.004716981132075374e-02
2.358490566037736019e-02
4.009433962264150747e-02
1.768867924528301841e-02
3.596698113207547065e-02
2.299528301886792289e-02
1.650943396226415075e-02
1.356132075471698159e-02
2.181603773584905523e-02
2.063679245283018757e-02
1.356132075471698159e-02
3.891509433962263981e-02
2.122641509433962140e-02
1.356132075471698159e-02
1.827830188679245224e-02
1.356132075471698159e-02
1.533018867924528308e-02
1.474056603773584925e-02
