2.255639097744360777e-02
9.774436090225563367e-02
6.015037593984962072e-02
7.518796992481202590e-03
3.007518796992481036e-02
7.518796992481202590e-03
1.503759398496240518e-02
7.518796992481202590e-03
4.511278195488721554e-02
7.518796992481202590e-03
7.518796992481202590e-03
7.518796992481202590e-03
7.518796992481202590e-03
1.503759398496240518e-02
3.759398496240601295e-02
3.759398496240601295e-02
7.518796992481202590e-03
1.503759398496240518e-02
7.518796992481202590e-03
7.518796992481202590e-03
1.503759398496240518e-02
7.518796992481202590e-03
7.518796992481202590e-03
7.518796992481202590e-03
1.503759398496240518e-02
7.518796992481202590e-03
1.503759398496240518e-02
2.255639097744360777e-02
5.263157894736841813e-02
1.503759398496240518e-02
1.503759398496240518e-02
2.255639097744360777e-02
1.503759398496240518e-02
7.518796992481202590e-03
1.503759398496240518e-02
7.518796992481202590e-03
1.503759398496240518e-02
2.255639097744360777e-02
3.007518796992481036e-02
7.518796992481202590e-03
1.503759398496240518e-02
7.518796992481202590e-03
1.503759398496240518e-02
7.518796992481202590e-03
1.503759398496240518e-02
2.255639097744360777e-02
7.518796992481202590e-02
2.255639097744360777e-02
2.255639097744360777e-02
2.255639097744360777e-02
