2.644628099173553654e-02
8.264462809917355601e-03
1.652892561983471120e-02
2.644628099173553654e-02
9.917355371900827068e-03
1.322314049586776827e-02
1.983471074380165414e-02
3.471074380165289214e-02
1.983471074380165414e-02
1.157024793388429680e-02
5.950413223140495894e-02
2.644628099173553654e-02
1.652892561983471120e-02
8.264462809917355601e-03
8.264462809917355601e-03
1.157024793388429680e-02
1.652892561983471120e-02
2.314049586776859360e-02
1.157024793388429680e-02
9.917355371900827068e-03
1.157024793388429680e-02
1.818181818181818094e-02
1.652892561983471120e-02
2.148760330578512387e-02
5.123966942148760334e-02
1.983471074380165414e-02
1.983471074380165414e-02
2.809917355371900974e-02
1.652892561983471120e-02
2.314049586776859360e-02
1.322314049586776827e-02
2.148760330578512387e-02
1.157024793388429680e-02
2.479338842975206680e-02
1.487603305785123974e-02
1.157024793388429680e-02
2.314049586776859360e-02
2.644628099173553654e-02
3.966942148760330827e-02
8.264462809917355601e-03
1.487603305785123974e-02
8.264462809917355601e-03
1.322314049586776827e-02
2.479338842975206680e-02
9.917355371900827068e-03
9.917355371900827068e-03
8.264462809917355601e-03
1.157024793388429680e-02
7.272727272727272374e-02
2.644628099173553654e-02
