3.063457330415754812e-02
8.752735229759299462e-03
1.531728665207877406e-02
3.282275711159737125e-02
1.094091903719912433e-02
1.312910284463894919e-02
1.750547045951859892e-02
3.282275711159737125e-02
2.188183807439824866e-02
1.312910284463894919e-02
4.814004376367615051e-02
2.625820568927789839e-02
1.750547045951859892e-02
8.752735229759299462e-03
8.752735229759299462e-03
1.312910284463894919e-02
1.969365426695842552e-02
2.188183807439824866e-02
1.312910284463894919e-02
1.094091903719912433e-02
1.312910284463894919e-02
2.188183807439824866e-02
1.969365426695842552e-02
1.969365426695842552e-02
5.251641137855579677e-02
2.188183807439824866e-02
2.407002188183807526e-02
2.844638949671772499e-02
1.750547045951859892e-02
2.407002188183807526e-02
1.531728665207877406e-02
1.969365426695842552e-02
1.094091903719912433e-02
2.844638949671772499e-02
1.531728665207877406e-02
1.312910284463894919e-02
2.844638949671772499e-02
3.063457330415754812e-02
1.969365426695842552e-02
8.752735229759299462e-03
1.750547045951859892e-02
8.752735229759299462e-03
1.312910284463894919e-02
3.063457330415754812e-02
1.094091903719912433e-02
1.094091903719912433e-02
8.752735229759299462e-03
1.312910284463894919e-02
4.376367614879649731e-02
2.407002188183807526e-02
