4.819277108433735191e-02
1.204819277108433798e-02
1.204819277108433798e-02
1.204819277108433798e-02
1.204819277108433798e-02
1.807228915662650523e-02
1.204819277108433798e-02
1.204819277108433798e-02
5.421686746987951916e-02
3.614457831325301046e-02
1.204819277108433798e-02
1.204819277108433798e-02
1.807228915662650523e-02
1.204819277108433798e-02
2.409638554216867595e-02
1.807228915662650523e-02
4.216867469879517771e-02
2.409638554216867595e-02
4.819277108433735191e-02
3.614457831325301046e-02
1.204819277108433798e-02
1.204819277108433798e-02
1.204819277108433798e-02
1.807228915662650523e-02
1.204819277108433798e-02
1.204819277108433798e-02
1.807228915662650523e-02
1.204819277108433798e-02
3.012048192771084321e-02
1.807228915662650523e-02
1.807228915662650523e-02
1.807228915662650523e-02
1.204819277108433798e-02
1.204819277108433798e-02
1.807228915662650523e-02
1.204819277108433798e-02
1.807228915662650523e-02
1.807228915662650523e-02
1.204819277108433798e-02
1.204819277108433798e-02
2.409638554216867595e-02
1.204819277108433798e-02
1.807228915662650523e-02
2.409638554216867595e-02
1.204819277108433798e-02
1.204819277108433798e-02
4.216867469879517771e-02
1.807228915662650523e-02
2.409638554216867595e-02
3.012048192771084321e-02
