4.210526315789473589e-02
1.052631578947368397e-02
1.052631578947368397e-02
1.052631578947368397e-02
1.052631578947368397e-02
1.578947368421052683e-02
1.052631578947368397e-02
1.052631578947368397e-02
4.736842105263158048e-02
3.157894736842105365e-02
1.052631578947368397e-02
1.052631578947368397e-02
1.578947368421052683e-02
1.052631578947368397e-02
2.631578947368420907e-02
1.578947368421052683e-02
4.210526315789473589e-02
2.105263157894736795e-02
7.894736842105262720e-02
7.894736842105262720e-02
1.052631578947368397e-02
1.052631578947368397e-02
1.052631578947368397e-02
1.578947368421052683e-02
1.052631578947368397e-02
1.052631578947368397e-02
1.578947368421052683e-02
1.052631578947368397e-02
3.157894736842105365e-02
1.578947368421052683e-02
1.578947368421052683e-02
1.578947368421052683e-02
1.052631578947368397e-02
1.052631578947368397e-02
1.578947368421052683e-02
1.052631578947368397e-02
1.578947368421052683e-02
1.578947368421052683e-02
1.052631578947368397e-02
1.052631578947368397e-02
2.105263157894736795e-02
1.052631578947368397e-02
2.105263157894736795e-02
2.105263157894736795e-02
1.052631578947368397e-02
1.052631578947368397e-02
5.789473684210526272e-02
1.578947368421052683e-02
2.105263157894736795e-02
2.631578947368420907e-02
