2.573529411764705760e-02
1.838235294117647120e-02
1.838235294117647120e-02
1.470588235294117627e-02
1.960784313725490169e-02
1.470588235294117627e-02
1.960784313725490169e-02
1.348039215686274578e-02
2.083333333333333218e-02
2.818627450980392204e-02
1.470588235294117627e-02
1.470588235294117627e-02
2.328431372549019662e-02
1.715686274509804071e-02
2.818627450980392204e-02
2.328431372549019662e-02
1.715686274509804071e-02
1.838235294117647120e-02
3.799019607843136942e-02
3.799019607843136942e-02
1.470588235294117627e-02
2.083333333333333218e-02
3.186274509803921351e-02
2.450980392156862711e-02
1.715686274509804071e-02
1.348039215686274578e-02
1.838235294117647120e-02
1.593137254901960675e-02
1.960784313725490169e-02
2.818627450980392204e-02
1.593137254901960675e-02
3.308823529411764747e-02
1.348039215686274578e-02
1.470588235294117627e-02
2.328431372549019662e-02
1.960784313725490169e-02
2.205882352941176613e-02
1.715686274509804071e-02
1.838235294117647120e-02
1.348039215686274578e-02
2.083333333333333218e-02
1.470588235294117627e-02
1.470588235294117627e-02
1.715686274509804071e-02
1.593137254901960675e-02
1.470588235294117627e-02
2.205882352941176613e-02
2.818627450980392204e-02
1.470588235294117627e-02
1.470588235294117627e-02
