2.373158756137479578e-02
1.800327332242225922e-02
1.882160392798690532e-02
1.472995090016366616e-02
2.045826513911620445e-02
1.472995090016366616e-02
1.800327332242225922e-02
1.391162029459901833e-02
2.045826513911620445e-02
3.764320785597381064e-02
1.472995090016366616e-02
1.472995090016366616e-02
2.618657937806874100e-02
1.718494271685760966e-02
2.536824877250409144e-02
2.536824877250409144e-02
1.636661211129296356e-02
1.718494271685760966e-02
4.664484451718494545e-02
4.828150572831423765e-02
1.472995090016366616e-02
1.882160392798690532e-02
2.945990180032733233e-02
2.291325695581014621e-02
1.718494271685760966e-02
1.391162029459901833e-02
1.718494271685760966e-02
1.554828150572831399e-02
1.800327332242225922e-02
2.373158756137479578e-02
1.554828150572831399e-02
2.945990180032733233e-02
1.391162029459901833e-02
1.472995090016366616e-02
2.127659574468085055e-02
1.800327332242225922e-02
2.045826513911620445e-02
1.636661211129296356e-02
1.718494271685760966e-02
1.391162029459901833e-02
1.882160392798690532e-02
1.472995090016366616e-02
1.472995090016366616e-02
1.718494271685760966e-02
1.554828150572831399e-02
1.472995090016366616e-02
2.127659574468085055e-02
2.864157119476268276e-02
1.472995090016366616e-02
1.472995090016366616e-02
