3.261623872310895345e-02
1.179736294240111075e-02
1.873698820263705600e-02
1.804302567661346390e-02
1.249132546842470458e-02
2.567661346287300472e-02
1.943095072866065157e-02
1.457321304649548954e-02
1.596113809854267721e-02
1.318528799444830014e-02
1.387925052047189398e-02
1.179736294240111075e-02
1.665510062456627277e-02
1.249132546842470458e-02
1.943095072866065157e-02
2.081887578070784270e-02
2.428868841082581706e-02
1.318528799444830014e-02
1.179736294240111075e-02
1.596113809854267721e-02
1.734906315058986834e-02
2.290076335877862593e-02
1.665510062456627277e-02
2.706453851492019586e-02
1.457321304649548954e-02
1.387925052047189398e-02
3.886190145732130313e-02
3.331020124913254554e-02
1.318528799444830014e-02
2.706453851492019586e-02
1.873698820263705600e-02
1.734906315058986834e-02
1.526717557251908337e-02
2.775850104094378795e-02
8.258154059680777870e-02
1.526717557251908337e-02
2.012491325468424713e-02
3.816793893129771104e-02
2.290076335877862593e-02
1.318528799444830014e-02
1.943095072866065157e-02
1.943095072866065157e-02
1.179736294240111075e-02
2.498265093684940916e-02
1.804302567661346390e-02
1.387925052047189398e-02
1.179736294240111075e-02
1.387925052047189398e-02
1.526717557251908337e-02
1.249132546842470458e-02
