3.032659409020217745e-02
1.321928460342146165e-02
1.710730948678071406e-02
1.866251944012441849e-02
1.399688958009331213e-02
2.099533437013996820e-02
1.632970451010886531e-02
1.632970451010886531e-02
1.632970451010886531e-02
1.477449455676516261e-02
1.555209953343701483e-02
1.321928460342146165e-02
1.555209953343701483e-02
1.399688958009331213e-02
1.788491446345256627e-02
2.177293934681182042e-02
2.255054432348366916e-02
1.477449455676516261e-02
1.321928460342146165e-02
1.632970451010886531e-02
1.788491446345256627e-02
2.410575427682737013e-02
1.866251944012441849e-02
2.721617418351477552e-02
1.555209953343701483e-02
1.477449455676516261e-02
3.732503888024883698e-02
3.576982892690513255e-02
1.477449455676516261e-02
2.954898911353032523e-02
2.099533437013996820e-02
1.866251944012441849e-02
1.632970451010886531e-02
2.566096423017107456e-02
6.065318818040435489e-02
1.710730948678071406e-02
2.177293934681182042e-02
3.188180404354588188e-02
2.488335925349922234e-02
1.399688958009331213e-02
1.944012441679626724e-02
2.099533437013996820e-02
1.321928460342146165e-02
2.177293934681182042e-02
1.944012441679626724e-02
1.555209953343701483e-02
1.321928460342146165e-02
1.555209953343701483e-02
1.632970451010886531e-02
1.399688958009331213e-02
