1.664932362122788917e-02
1.352757544224765865e-02
2.185223725286160323e-02
2.185223725286160323e-02
1.768990634755462921e-02
1.873048907388137271e-02
2.081165452653485973e-02
1.456815816857440216e-02
2.705515088449531730e-02
1.456815816857440216e-02
1.664932362122788917e-02
1.664932362122788917e-02
1.977107180020811622e-02
2.081165452653485973e-02
2.601456815816857379e-02
3.225806451612903136e-02
1.456815816857440216e-02
1.768990634755462921e-02
1.456815816857440216e-02
1.977107180020811622e-02
1.352757544224765865e-02
2.497398543184183028e-02
2.393340270551508678e-02
3.017689906347554782e-02
3.225806451612903136e-02
1.873048907388137271e-02
2.081165452653485973e-02
1.768990634755462921e-02
1.560874089490114393e-02
2.809573361082206081e-02
2.601456815816857379e-02
1.456815816857440216e-02
1.456815816857440216e-02
4.370447450572320647e-02
4.162330905306971945e-02
1.456815816857440216e-02
1.768990634755462921e-02
2.185223725286160323e-02
2.081165452653485973e-02
1.352757544224765865e-02
1.664932362122788917e-02
1.456815816857440216e-02
1.560874089490114393e-02
1.768990634755462921e-02
1.664932362122788917e-02
1.352757544224765865e-02
1.456815816857440216e-02
1.456815816857440216e-02
1.977107180020811622e-02
1.560874089490114393e-02
