1.720578114246386695e-02
1.169993117687542945e-02
1.927047487955953209e-02
2.133516861665519723e-02
1.720578114246386695e-02
1.789401238816242315e-02
2.271163110805230617e-02
1.238816242257398566e-02
2.684101858224363299e-02
1.238816242257398566e-02
1.445285615966964907e-02
1.582931865106675801e-02
1.789401238816242315e-02
2.339986235375085891e-02
2.133516861665519723e-02
3.372333103922917769e-02
1.307639366827254013e-02
1.720578114246386695e-02
1.238816242257398566e-02
2.064693737095664103e-02
1.169993117687542945e-02
2.064693737095664103e-02
2.684101858224363299e-02
3.028217481073640707e-02
3.097040605643496328e-02
1.927047487955953209e-02
1.995870612525808829e-02
1.514108740536820354e-02
1.376462491397109460e-02
2.339986235375085891e-02
2.408809359944941511e-02
1.789401238816242315e-02
1.376462491397109460e-02
4.955264969029594263e-02
9.566414315209910424e-02
1.307639366827254013e-02
1.514108740536820354e-02
2.133516861665519723e-02
1.858224363386097588e-02
1.169993117687542945e-02
1.376462491397109460e-02
1.238816242257398566e-02
1.307639366827254013e-02
1.445285615966964907e-02
1.376462491397109460e-02
1.169993117687542945e-02
1.238816242257398566e-02
1.307639366827254013e-02
1.858224363386097588e-02
1.514108740536820354e-02
