1.149425287356321823e-02
1.149425287356321823e-02
1.149425287356321823e-02
1.149425287356321823e-02
1.149425287356321823e-02
1.149425287356321823e-02
1.149425287356321823e-02
2.298850574712643646e-02
2.298850574712643646e-02
2.298850574712643646e-02
1.149425287356321823e-02
1.149425287356321823e-02
1.149425287356321823e-02
1.149425287356321823e-02
1.149425287356321823e-02
1.149425287356321823e-02
8.045977011494252762e-02
4.597701149425287293e-02
2.298850574712643646e-02
2.298850574712643646e-02
1.149425287356321823e-02
1.149425287356321823e-02
2.298850574712643646e-02
1.149425287356321823e-02
1.149425287356321823e-02
1.149425287356321823e-02
1.149425287356321823e-02
2.298850574712643646e-02
1.264367816091954144e-01
1.149425287356321823e-02
2.298850574712643646e-02
1.149425287356321823e-02
1.149425287356321823e-02
1.149425287356321823e-02
1.149425287356321823e-02
1.149425287356321823e-02
2.298850574712643646e-02
1.149425287356321823e-02
5.747126436781609116e-02
1.149425287356321823e-02
3.448275862068965469e-02
1.149425287356321823e-02
1.149425287356321823e-02
1.149425287356321823e-02
1.149425287356321823e-02
1.149425287356321823e-02
4.597701149425287293e-02
1.149425287356321823e-02
1.149425287356321823e-02
1.149425287356321823e-02
