1.086956521739130405e-02
1.086956521739130405e-02
1.086956521739130405e-02
1.086956521739130405e-02
1.086956521739130405e-02
1.086956521739130405e-02
1.086956521739130405e-02
2.173913043478260809e-02
2.173913043478260809e-02
2.173913043478260809e-02
1.086956521739130405e-02
1.086956521739130405e-02
1.086956521739130405e-02
1.086956521739130405e-02
1.086956521739130405e-02
1.086956521739130405e-02
8.695652173913043237e-02
4.347826086956521618e-02
2.173913043478260809e-02
2.173913043478260809e-02
1.086956521739130405e-02
1.086956521739130405e-02
2.173913043478260809e-02
1.086956521739130405e-02
1.086956521739130405e-02
1.086956521739130405e-02
1.086956521739130405e-02
2.173913043478260809e-02
1.304347826086956486e-01
1.086956521739130405e-02
2.173913043478260809e-02
1.086956521739130405e-02
1.086956521739130405e-02
1.086956521739130405e-02
1.086956521739130405e-02
1.086956521739130405e-02
2.173913043478260809e-02
1.086956521739130405e-02
5.434782608695652023e-02
1.086956521739130405e-02
3.260869565217391214e-02
1.086956521739130405e-02
1.086956521739130405e-02
1.086956521739130405e-02
1.086956521739130405e-02
1.086956521739130405e-02
7.608695652173913526e-02
1.086956521739130405e-02
1.086956521739130405e-02
1.086956521739130405e-02
