2.888086642599278081e-02
7.220216606498195203e-03
1.263537906137184030e-02
9.025270758122743570e-03
1.263537906137184030e-02
7.220216606498195203e-03
2.527075812274368061e-02
5.234657039711191479e-02
5.234657039711191479e-02
1.263537906137184030e-02
5.234657039711191479e-02
2.346570397111913397e-02
9.025270758122743570e-03
1.624548736462093704e-02
1.805054151624548714e-02
1.444043321299639041e-02
1.444043321299639041e-02
1.805054151624548714e-02
1.985559566787003724e-02
1.263537906137184030e-02
9.025270758122743570e-03
9.025270758122743570e-03
1.624548736462093704e-02
1.805054151624548714e-02
3.429602888086642765e-02
1.624548736462093704e-02
3.610108303249097428e-02
5.054151624548736121e-02
1.083032490974729194e-02
3.068592057761732744e-02
1.444043321299639041e-02
9.025270758122743570e-03
1.083032490974729194e-02
1.263537906137184030e-02
1.805054151624548714e-02
1.263537906137184030e-02
2.166064981949458387e-02
1.083032490974729194e-02
1.805054151624548714e-02
7.220216606498195203e-03
2.527075812274368061e-02
1.263537906137184030e-02
1.805054151624548714e-02
1.805054151624548714e-02
1.444043321299639041e-02
9.025270758122743570e-03
1.083032490974729194e-02
1.805054151624548714e-02
6.317689530685920152e-02
2.527075812274368061e-02
