2.198952879581151862e-02
9.424083769633507732e-03
1.361256544502617745e-02
1.047120418848167603e-02
1.675392670157068234e-02
9.424083769633507732e-03
2.198952879581151862e-02
6.178010471204188614e-02
4.921465968586387352e-02
1.256544502617801089e-02
3.874345549738220096e-02
2.094240837696335206e-02
1.256544502617801089e-02
1.989528795811518203e-02
1.675392670157068234e-02
1.361256544502617745e-02
1.361256544502617745e-02
1.675392670157068234e-02
1.675392670157068234e-02
1.989528795811518203e-02
1.047120418848167603e-02
1.047120418848167603e-02
1.465968586387434575e-02
1.884816753926701546e-02
3.350785340314136468e-02
1.570680628272251231e-02
4.188481675392670411e-02
4.293193717277486721e-02
1.151832460732984259e-02
2.827225130890052493e-02
1.361256544502617745e-02
1.047120418848167603e-02
1.151832460732984259e-02
1.884816753926701546e-02
1.780104712041884890e-02
1.256544502617801089e-02
1.780104712041884890e-02
1.151832460732984259e-02
1.675392670157068234e-02
9.424083769633507732e-03
2.198952879581151862e-02
1.256544502617801089e-02
2.198952879581151862e-02
1.884816753926701546e-02
1.361256544502617745e-02
1.047120418848167603e-02
1.256544502617801089e-02
1.884816753926701546e-02
5.968586387434555302e-02
2.408376963350785174e-02
