1.987577639751552869e-02
6.211180124223602064e-03
9.937888198757764344e-03
9.937888198757764344e-03
8.695652173913043584e-03
4.844720496894409922e-02
9.937888198757764344e-03
8.695652173913043584e-03
1.614906832298136641e-02
1.242236024844720413e-02
3.478260869565217434e-02
5.465838509316769955e-02
1.118012422360248510e-02
9.937888198757764344e-03
1.366459627329192489e-02
1.366459627329192489e-02
1.490683229813664565e-02
2.484472049689440826e-02
1.118012422360248510e-02
8.695652173913043584e-03
8.695652173913043584e-03
1.863354037267080793e-02
9.937888198757764344e-03
4.099378881987577466e-02
1.155279503105589994e-01
8.695652173913043584e-03
2.608695652173912902e-02
1.118012422360248510e-02
1.366459627329192489e-02
4.099378881987577466e-02
1.118012422360248510e-02
7.453416149068322824e-03
1.118012422360248510e-02
6.335403726708074834e-02
4.347826086956521618e-02
8.695652173913043584e-03
2.236024844720497021e-02
2.608695652173912902e-02
2.732919254658384978e-02
6.211180124223602064e-03
1.739130434782608717e-02
9.937888198757764344e-03
6.211180124223602064e-03
1.118012422360248510e-02
9.937888198757764344e-03
9.937888198757764344e-03
1.118012422360248510e-02
1.366459627329192489e-02
2.857142857142857054e-02
1.242236024844720413e-02
