2.065131056393963369e-02
6.354249404289117990e-03
8.737092930897537996e-03
9.531374106433678287e-03
7.942811755361397705e-03
5.083399523431294392e-02
8.737092930897537996e-03
7.942811755361397705e-03
1.429706115965051656e-02
1.429706115965051656e-02
3.256552819698173284e-02
6.910246227164416888e-02
1.191421763304209742e-02
9.531374106433678287e-03
1.429706115965051656e-02
1.270849880857823598e-02
1.191421763304209742e-02
2.700555996822875254e-02
1.032565528196981684e-02
8.737092930897537996e-03
7.942811755361397705e-03
1.588562351072279541e-02
8.737092930897537996e-03
4.289118347895155142e-02
1.421763304209690271e-01
7.942811755361397705e-03
2.144559173947577571e-02
9.531374106433678287e-03
1.191421763304209742e-02
3.494837172359015198e-02
1.191421763304209742e-02
1.191421763304209742e-02
9.531374106433678287e-03
6.513105639396346569e-02
3.733121525019857112e-02
7.942811755361397705e-03
1.985702938840349513e-02
2.065131056393963369e-02
2.462271644162033341e-02
6.354249404289117990e-03
1.667990468625893397e-02
8.737092930897537996e-03
6.354249404289117990e-03
1.111993645750595713e-02
1.032565528196981684e-02
8.737092930897537996e-03
9.531374106433678287e-03
1.350277998411437627e-02
2.700555996822875254e-02
1.191421763304209742e-02
