1.921844971172325528e-02
9.609224855861627640e-03
2.434336963484945437e-02
1.537475976937860422e-02
1.409352978859705272e-02
1.345291479820627870e-02
1.409352978859705272e-02
4.099935938500960664e-02
3.715566944266495558e-02
1.921844971172325528e-02
4.612427930813581267e-02
2.114029468289558081e-02
2.562459961563100588e-02
1.729660474055092975e-02
2.626521460602177990e-02
1.153106982703395317e-02
2.049967969250480332e-02
1.857783472133247779e-02
1.345291479820627870e-02
1.409352978859705272e-02
1.024983984625240166e-02
1.345291479820627870e-02
1.665598975016015226e-02
1.345291479820627870e-02
4.163997437540038760e-02
5.829596412556053986e-02
2.370275464445868036e-02
2.818705957719410543e-02
1.153106982703395317e-02
2.946828955797565694e-02
1.473414477898782847e-02
8.968609865470851886e-03
1.024983984625240166e-02
1.665598975016015226e-02
2.626521460602177990e-02
1.281229980781550294e-02
1.409352978859705272e-02
2.370275464445868036e-02
1.857783472133247779e-02
8.968609865470851886e-03
1.473414477898782847e-02
8.968609865470851886e-03
1.153106982703395317e-02
2.178090967328635483e-02
1.281229980781550294e-02
8.968609865470851886e-03
1.153106982703395317e-02
1.409352978859705272e-02
4.228058936579116162e-02
2.946828955797565694e-02
