2.179598953792502222e-02
1.046207497820401087e-02
2.353966870095902317e-02
1.656495204882301592e-02
1.569311246730601545e-02
1.569311246730601545e-02
1.656495204882301592e-02
3.400174367916303231e-02
3.923278116826504208e-02
2.179598953792502222e-02
4.097646033129904303e-02
2.092414995640802175e-02
2.528334786399302411e-02
1.656495204882301592e-02
2.441150828247602364e-02
1.307759372275501229e-02
2.179598953792502222e-02
2.092414995640802175e-02
1.569311246730601545e-02
1.656495204882301592e-02
1.133391455972101135e-02
1.569311246730601545e-02
1.830863121185701686e-02
1.569311246730601545e-02
4.097646033129904303e-02
4.010462074978204255e-02
2.092414995640802175e-02
3.225806451612903136e-02
1.220575414123801182e-02
2.528334786399302411e-02
1.743679163034001639e-02
9.590235396687010402e-03
1.133391455972101135e-02
2.005231037489102128e-02
2.441150828247602364e-02
1.307759372275501229e-02
1.656495204882301592e-02
2.266782911944202270e-02
2.092414995640802175e-02
9.590235396687010402e-03
1.656495204882301592e-02
9.590235396687010402e-03
1.307759372275501229e-02
2.092414995640802175e-02
1.482127288578901497e-02
9.590235396687010402e-03
1.220575414123801182e-02
1.656495204882301592e-02
3.225806451612903136e-02
2.441150828247602364e-02
