1.691607026675341630e-02
1.366297983083929711e-02
1.561483409238776862e-02
1.171112556929082560e-02
1.821730644111906397e-02
3.578399479505530584e-02
1.886792452830188607e-02
1.236174365647364944e-02
3.513337670787247680e-02
2.212101496421600352e-02
1.886792452830188607e-02
1.236174365647364944e-02
1.886792452830188607e-02
1.756668835393623840e-02
1.756668835393623840e-02
1.366297983083929711e-02
2.342225113858165120e-02
1.886792452830188607e-02
1.366297983083929711e-02
2.667534157449577212e-02
1.626545217957059072e-02
1.691607026675341630e-02
1.561483409238776862e-02
2.472348731294729887e-02
2.537410540013012444e-02
1.561483409238776862e-02
1.691607026675341630e-02
2.732595966167859422e-02
2.732595966167859422e-02
2.472348731294729887e-02
1.951854261548471164e-02
1.951854261548471164e-02
1.821730644111906397e-02
2.407286922576447677e-02
4.163955757970071864e-02
1.691607026675341630e-02
1.691607026675341630e-02
2.472348731294729887e-02
2.081977878985035932e-02
1.171112556929082560e-02
1.691607026675341630e-02
1.431359791802212095e-02
1.301236174365647327e-02
2.342225113858165120e-02
1.301236174365647327e-02
1.171112556929082560e-02
3.448275862068965469e-02
2.797657774886141979e-02
2.342225113858165120e-02
1.496421600520494478e-02
