1.761338617349185454e-02
1.497137824746807601e-02
1.585204755614266769e-02
1.232937032144429748e-02
1.937472479084103791e-02
3.390576838397181547e-02
1.849405548216644796e-02
1.276970497578159419e-02
3.390576838397181547e-02
2.465874064288859496e-02
1.981505944517833462e-02
1.276970497578159419e-02
1.849405548216644796e-02
1.673271686481726112e-02
1.673271686481726112e-02
1.409070893879348259e-02
2.333773667987670483e-02
2.069572875385292804e-02
1.365037428445618588e-02
2.686041391457507851e-02
1.541171290180537272e-02
1.629238221047996441e-02
1.541171290180537272e-02
2.465874064288859496e-02
2.201673271686481817e-02
1.761338617349185454e-02
1.673271686481726112e-02
2.465874064288859496e-02
2.774108322324966847e-02
2.597974460590048509e-02
2.069572875385292804e-02
2.465874064288859496e-02
1.717305151915455783e-02
2.069572875385292804e-02
4.931748128577718993e-02
1.585204755614266769e-02
1.585204755614266769e-02
2.289740202553941159e-02
2.069572875385292804e-02
1.232937032144429748e-02
1.717305151915455783e-02
1.541171290180537272e-02
1.409070893879348259e-02
2.157639806252752146e-02
1.365037428445618588e-02
1.232937032144429748e-02
3.126376045794804215e-02
2.509907529722589167e-02
2.069572875385292804e-02
1.497137824746807601e-02
