3.360768175582990597e-02
2.126200274348422417e-02
1.508916323731138501e-02
8.230452674897120041e-03
1.646090534979424008e-02
2.743484224965706333e-02
9.602194787379973381e-03
3.360768175582990597e-02
3.429355281207133177e-02
4.252400548696844834e-02
6.104252400548696583e-02
5.075445816186557185e-02
1.577503429355281081e-02
1.234567901234567833e-02
1.165980795610425252e-02
1.097393689986282499e-02
2.606310013717421173e-02
1.303155006858710586e-02
1.783264746227709169e-02
1.989026063100137257e-02
1.097393689986282499e-02
7.544581618655692504e-03
2.674897119341563753e-02
2.812071330589849261e-02
3.086419753086419582e-02
1.714677640603566589e-02
1.028806584362139918e-02
2.812071330589849261e-02
2.057613168724279837e-02
2.743484224965706333e-02
1.097393689986282499e-02
1.851851851851851749e-02
8.230452674897120041e-03
1.165980795610425252e-02
2.880658436213991841e-02
1.303155006858710586e-02
1.371742112482853167e-02
1.371742112482853167e-02
2.057613168724279837e-02
8.230452674897120041e-03
1.714677640603566589e-02
1.097393689986282499e-02
9.602194787379973381e-03
1.989026063100137257e-02
9.602194787379973381e-03
1.028806584362139918e-02
2.331961591220850505e-02
1.714677640603566589e-02
2.057613168724279837e-02
2.469135802469135665e-02
