3.339694656488549629e-02
1.622137404580152598e-02
1.526717557251908337e-02
9.541984732824427759e-03
1.812977099236641118e-02
2.958015267175572588e-02
1.145038167938931296e-02
3.530534351145038496e-02
3.530534351145038496e-02
3.148854961832060761e-02
6.774809160305343692e-02
2.767175572519084067e-02
1.622137404580152598e-02
1.240458015267175557e-02
1.240458015267175557e-02
1.145038167938931296e-02
3.053435114503816675e-02
1.622137404580152598e-02
2.194656488549618159e-02
1.717557251908397031e-02
1.335877862595419817e-02
8.587786259541985157e-03
2.385496183206107026e-02
2.385496183206107026e-02
3.721374045801526670e-02
1.526717557251908337e-02
1.240458015267175557e-02
2.958015267175572588e-02
1.717557251908397031e-02
2.290076335877862593e-02
1.335877862595419817e-02
1.622137404580152598e-02
9.541984732824427759e-03
1.335877862595419817e-02
2.290076335877862593e-02
1.431297709923664077e-02
1.431297709923664077e-02
1.526717557251908337e-02
2.480916030534351113e-02
9.541984732824427759e-03
1.812977099236641118e-02
1.335877862595419817e-02
1.145038167938931296e-02
2.480916030534351113e-02
1.145038167938931296e-02
9.541984732824427759e-03
2.290076335877862593e-02
1.812977099236641118e-02
2.194656488549618159e-02
2.099236641221374072e-02
