4.347826086956521618e-02
1.449275362318840597e-02
1.594202898550724570e-02
1.304347826086956451e-02
1.304347826086956451e-02
3.333333333333333287e-02
1.304347826086956451e-02
1.449275362318840597e-02
2.463768115942029102e-02
1.739130434782608717e-02
1.014492753623188331e-02
1.014492753623188331e-02
1.594202898550724570e-02
1.304347826086956451e-02
1.159420289855072478e-02
1.304347826086956451e-02
4.347826086956521618e-02
2.753623188405797048e-02
1.739130434782608717e-02
1.594202898550724570e-02
1.739130434782608717e-02
1.594202898550724570e-02
2.463768115942029102e-02
1.449275362318840597e-02
1.739130434782608717e-02
1.884057971014492863e-02
2.318840579710144956e-02
1.739130434782608717e-02
5.362318840579709950e-02
2.463768115942029102e-02
1.014492753623188331e-02
1.594202898550724570e-02
1.304347826086956451e-02
1.594202898550724570e-02
3.913043478260869873e-02
1.304347826086956451e-02
1.884057971014492863e-02
2.318840579710144956e-02
2.463768115942029102e-02
1.014492753623188331e-02
2.463768115942029102e-02
1.159420289855072478e-02
1.594202898550724570e-02
1.304347826086956451e-02
1.304347826086956451e-02
1.449275362318840597e-02
3.913043478260869873e-02
3.478260869565217434e-02
1.884057971014492863e-02
2.173913043478260809e-02
