4.659949622166247030e-02
1.385390428211586908e-02
1.511335012594458398e-02
1.259445843828715418e-02
1.259445843828715418e-02
3.652392947103274418e-02
1.259445843828715418e-02
1.385390428211586908e-02
2.770780856423173816e-02
2.015113350125944530e-02
1.007556675062972265e-02
1.007556675062972265e-02
1.511335012594458398e-02
1.259445843828715418e-02
1.133501259445843755e-02
1.259445843828715418e-02
4.030226700251889060e-02
2.518891687657430836e-02
1.637279596977329887e-02
1.511335012594458398e-02
1.637279596977329887e-02
1.511335012594458398e-02
2.392947103274559173e-02
1.385390428211586908e-02
1.637279596977329887e-02
1.763224181360201551e-02
2.141057934508816193e-02
1.637279596977329887e-02
5.541561712846347632e-02
2.267002518891687510e-02
1.007556675062972265e-02
1.511335012594458398e-02
1.259445843828715418e-02
1.511335012594458398e-02
5.163727959697732989e-02
1.259445843828715418e-02
2.141057934508816193e-02
2.141057934508816193e-02
2.392947103274559173e-02
1.007556675062972265e-02
2.392947103274559173e-02
1.133501259445843755e-02
1.511335012594458398e-02
1.385390428211586908e-02
1.259445843828715418e-02
1.385390428211586908e-02
3.904282115869017744e-02
3.652392947103274418e-02
1.763224181360201551e-02
2.267002518891687510e-02
